root@sigma106:/workspace/cases# /usr/bin/python /workspace/cases/fa/triton/fa_320/fa_320.py
fused-attention-batch4-head32-d64-fwd-causal=True:
     N_CTX  Triton [FP16]  Triton [FP8]     Flash-2
0   1024.0      84.897087    136.164373   69.025076
1   2048.0      98.771669    168.227252   89.861373
2   4096.0     105.501224    180.692511  100.172997
3   8192.0     109.893178    188.039616  104.671336
4  16384.0     112.432229    193.279809  107.078377
fused-attention-batch4-head32-d64-fwd-causal=False:
     N_CTX  Triton [FP16]  Triton [FP8]     Flash-2
0   1024.0     101.203295    169.088578   93.177212
1   2048.0     107.737011    193.372538  103.017238
2   4096.0     110.586094    187.644938  106.770338
3   8192.0     112.733534    187.731460  107.409089
4  16384.0     113.557380    189.387065  108.097079
fused-attention-batch4-head32-d64-bwd-causal=True:
     N_CTX  Triton [FP16]  Triton [FP8]     Flash-2
0   1024.0      34.214571     34.200026   49.531224
1   2048.0      42.362817     42.373516   64.535275
2   4096.0      48.748539     48.749130   80.055254
3   8192.0      52.752319     52.766836   92.276513
4  16384.0      54.798683     54.821626  100.109253