root@sigma106:/workspace/cases/fa/triton/fa_new# python 06-fused-attention.py 
fused-attention-batch4-head32-d64-fwd-causal=True-warp_specialize=False:
     N_CTX  Triton [FP16]  Triton [FP8]     Flash-2
0   1024.0     178.095845    139.237047  137.620304
1   2048.0     242.684687    302.524462  176.986075
2   4096.0     267.657768    353.095110  191.242000
3   8192.0     267.798067    384.687686  218.437917
4  16384.0     295.815634    386.734065  208.816285
fused-attention-batch4-head32-d64-fwd-causal=False-warp_specialize=False:
     N_CTX  Triton [FP16]  Triton [FP8]     Flash-2
0   1024.0     241.517472    263.723502  199.733807
1   2048.0     287.517198    346.558060  205.540451
2   4096.0     292.108674    390.718875  213.148773
3   8192.0     298.634540    398.724392  211.261947
4  16384.0     290.292944    383.898173  219.693522
fused-attention-batch4-head32-d64-fwd-causal=False-warp_specialize=True:
     N_CTX  Triton [FP16]  Triton [FP8]     Flash-2
0   1024.0     176.606438    194.853219  198.487921
1   2048.0     220.937780    237.495301  204.552604
2   4096.0     243.502691    268.076718  210.060880
3   8192.0     256.079874    296.196555  217.654601
4  16384.0     258.273275    309.211165  225.668055
fused-attention-batch4-head32-d64-bwd-causal=True-warp_specialize=False:
     N_CTX  Triton [FP16]  Triton [FP8]     Flash-2
0   1024.0     107.850449     74.949721   94.509242
1   2048.0     103.546518    154.974955  140.757411
2   4096.0     186.855962    184.793424  167.121183
3   8192.0     221.008268    205.511786  181.557915
4  16384.0     230.767530    218.911934  201.300491
fused-attention-batch4-head32-d64-bwd-causal=False-warp_specialize=False:
     N_CTX  Triton [FP16]  Triton [FP8]     Flash-2
0   1024.0     182.824074    214.420290  146.215314
1   2048.0     306.602263    304.308338  172.273688
2   4096.0     365.480858    350.989217  184.552965
3   8192.0     431.567020    411.388434  197.589599
4  16384.0     453.513369    465.896802  205.715340
fused-attention-batch4-head32-d128-fwd-causal=True-warp_specialize=False:
     N_CTX  Triton [FP16]  Triton [FP8]     Flash-2
0   1024.0     156.358160    347.620662  167.222848
1   2048.0     282.973668    463.690860  198.603803
2   4096.0     316.695566    523.724173  224.901283
3   8192.0     341.373550    563.198322  232.715234
4  16384.0     347.097279    608.987793  242.265788
fused-attention-batch4-head32-d128-fwd-causal=False-warp_specialize=False:
     N_CTX  Triton [FP16]  Triton [FP8]     Flash-2
0   1024.0     316.930136    333.260327  235.417208
1   2048.0     361.911993    515.885587  240.456591
2   4096.0     357.051183    596.682449  243.341785
3   8192.0     380.237812    603.835088  245.401143
4  16384.0     350.438832    609.261353  242.583398
fused-attention-batch4-head32-d128-fwd-causal=False-warp_specialize=True:
     N_CTX  Triton [FP16]  Triton [FP8]     Flash-2
0   1024.0     306.797905    373.899798  233.582658
1   2048.0     335.891346    479.100078  242.215770
2   4096.0     363.413320    559.991602  247.871184
3   8192.0     372.093967    608.709623  262.115805
4  16384.0     385.158384    618.568004  234.734047
fused-attention-batch4-head32-d128-bwd-causal=True-warp_specialize=False:
     N_CTX  Triton [FP16]  Triton [FP8]     Flash-2
0   1024.0      47.880492     47.988973  109.379885
1   2048.0      62.028839     62.036260  148.896582
2   4096.0      74.363332     75.037594  183.332085
3   8192.0      81.997140     81.995264  196.663068
4  16384.0      85.396613     85.404923  214.140678
fused-attention-batch4-head32-d128-bwd-causal=False-warp_specialize=False:
     N_CTX  Triton [FP16]  Triton [FP8]     Flash-2
0   1024.0      96.310656     95.196089  159.876330
1   2048.0     125.116342    124.937517  187.696535
2   4096.0     149.079922    150.110280  203.931822
3   8192.0     163.985826    164.042515  217.502073
4  16384.0     170.809785    170.758986  222.649431